bias: -0.44399
i_0: -0.499976
i_1: 0.0747752
i_2: -0.655229
i_3: 0.618492
i_4: 0.264387
i_5: 0.152508
i_6: -0.541481
i_7: 1.22984
i_8: -1.26001
i_9: 0.517695
i_10: 0.136594
i_11: -0.760929
i_12: -0.611273
i_13: 0.436519
v_0_0: -0.00820821 0.0218435 0.21317 0.0589128
v_1_0: 0.170933 0.127541 -0.0259021 0.158273
v_2_0: 0.143434 0.336931 0.0548605 0.147659
v_3_0: 0.511641 0.342765 0.345606 0.447211
v_4_0: 0.397262 0.240147 0.303853 0.263446
v_5_0: 0.300592 0.450913 0.341169 0.485532
v_6_0: 0.256436 0.242712 0.027969 0.192191
v_7_0: 0.771343 0.924346 0.752464 0.843031
v_8_0: -0.41789 -0.604679 -0.358738 -0.507375
v_9_0: 0.490521 0.450428 0.485251 0.40904
v_10_0: 0.544355 0.753181 0.55868 0.711009
v_11_0: 0.00888249 -0.0668526 0.00156561 0.0697921
v_12_0: 0.0158467 0.111752 0.134777 0.0962745
v_13_0: 0.339091 0.356519 0.351316 0.326516
